uuid: f596a23d-c4a2-4d3d-94aa-7dbc6c791af5
timestamps:
  login: 1420895620784
  logout: 1420895534145
  kits:
    start: 1420834569025
  lastteleport: 1420897541879
ipAddress: 127.0.0.1
lastlocation:
  world: DIM7
  x: -62.395098188083345
  y: 31.0
  z: 62.81503724360752
  yaw: 255.8996
  pitch: 23.699997
godmode: false
afk: false
logoutlocation:
  world: world
  x: -217.10341613884566
  y: 64.0
  z: 80.46558170181959
  yaw: 218.09985
  pitch: 36.89999
