uuid: ca0a15ab-6615-42e0-a5e6-ac1b3983eb64
timestamps:
  login: 1420899000094
  lastteleport: 1420835981011
  logout: 1420894594084
ipAddress: 192.168.0.100
lastlocation:
  world: DIM7
  x: -251.18009015616335
  y: 79.0
  z: -241.82499998807893
  yaw: -125.404785
  pitch: 34.35
logoutlocation:
  world: world
  x: 537.1062413481673
  y: 68.0
  z: 171.95579541974615
  yaw: -213.89905
  pitch: 69.59994
