spawns: 
  default: 
    world: world
    x: -216.48234211471427
    y: 64.0
    z: 82.15442321772483
    yaw: 180.74963
    pitch: 4.649965
